410
260
43
37
434
592
8
4
11658
6204
8
4
268
364
-7
-6
-8839
-7442
-7
-6
-8832
-7436
-7
-6
-8825
-7430
-7
-6
-10102
-6120
-8
-5
-10094
-6115
-8
-5
-10086
-6110
-8
-5
-10078
-6105
-8
-5
-10070
-6100
-8
-5
-10062
-6095
-8
-5
-10034
-6090
-8
-5
-10026
-6085
-8
-5
-10018
-6080
-8
-5
-8715
-7370
-7
-6
-8708
-7364
-7
-6
-8701
-7358
-7
-6
322
344
-6
-7
316
337
-6
-7
-7370
-8630
-6
-7
225
136
-5
-8
-6050
-9904
-5
-8
-6045
-9896
-5
-8
-3468
-11174
-3
-9
-3465
-11165
-3
-9
-3462
-11156
-3
-9
-3439
-11147
-3
-9
-3436
-11138
-3
-9
-3433
-11129
-3
-9
-2150
-11120
-2
-9
-2148
-11111
-2
-9
-2146
-11102
-2
-9
-3401
-11093
-3
-9
-3398
-11084
-3
-9
-4650
-11075
-4
-9
-4646
-11066
-4
-9
-4642
-11057
-4
-9
-3366
-11028
-3
-9
-3363
-11019
-3
-9
-3360
-11010
-3
-9
-3357
-11001
-3
-9
-3354
-10992
-3
-9
-3351
-10983
-3
-9
-4614
-9708
-4
-8
-4610
-9700
-4
-8
-4606
-9692
-4
-8
422
564
-4
-8
-4342
-8964
-4
-8
-4338
-8956
-4
-8
-4334
-8948
-4
-8
-4330
-8940
-4
-8
-4326
-8912
-4
-8
-4322
-8904
-4
-8
-4318
-8896
-4
-8
-4314
-8888
-4
-8
-4310
-8880
-4
-8
-5475
-8852
-5
-8
-5470
-8844
-5
-8
-5465
-8836
-5
-8
316
528
-7
-6
-7825
-6450
-7
-6
-7818
-6444
-7
-6
-8994
-5255
-8
-5
-8986
-5250
-8
-5
-8978
-5245
-8
-5
-8970
-5240
-8
-5
-8962
-5235
-8
-5
-8954
-5230
-8
-5
-8946
-5225
-8
-5
-8938
-5220
-8
-5
-8930
-5215
-8
-5
-8922
-5210
-8
-5
-8914
-5205
-8
-5
-8906
-5200
-8
-5
-8898
-5195
-8
-5
-8890
-5190
-8
-5
-8882
-5185
-8
-5
-5370
-8684
-5
-8
-5365
-8676
-5
-8
-5360
-8668
-5
-8
394
318
-2
-9
-1858
-9816
-2
-9
-1856
-9807
-2
-9
470
471
0
-9
470
-9789
0
-9
470
-9780
0
-9
1629
-9771
1
-9
1628
-9762
1
-9
1627
-9753
1
-9
3918
-9744
3
-9
3915
-9735
3
-9
3912
-9726
3
-9
3909
-9717
3
-9
3906
-9708
3
-9
3903
-9699
3
-9
3900
-9690
3
-9
3897
-9681
3
-9
3894
-9672
3
-9
3891
-9663
3
-9
-6804
-872
-9
-2
-6795
-870
-9
-2
-6786
-868
-9
-2
-6777
-866
-9
-2
1278
-5732
1
-9
4090
-5024
5
-8
4085
-5016
5
-8
4080
-5008
5
-8
5465
-3590
7
-6
5458
-3584
7
-6
5451
-3578
7
-6
5444
-3572
7
-6
5437
-3566
7
-6
5430
-3560
7
-6
528
636
9
-2
6792
-756
9
-2
6783
-754
9
-2
6774
640
9
0
6765
640
9
0
6756
640
9
0
6727
640
9
0
6718
640
9
0
6689
1331
9
1
6680
1330
9
1
6671
1329
9
1
6662
1328
9
1
6653
1327
9
1
6644
1326
9
1
6615
1325
9
1
6606
1324
9
1
6597
1323
9
1
6588
1322
9
1
6579
1321
9
1
6570
1320
9
1
6541
1319
9
1
6532
1318
9
1
6523
640
9
0
6494
640
9
0
6485
640
9
0
6476
-1382
9
-3
5794
-2725
8
-5
5786
-2720
8
-5
4436
-4057
6
-7
4410
-4050
6
-7
4404
-4043
6
-7
3730
-4704
5
-8
3725
-4696
5
-8
3720
-4688
5
-8
3695
-4680
5
-8
3690
-4672
5
-8
3685
-4664
5
-8
3680
-4656
5
-8
3655
-4648
5
-8
3650
-4640
5
-8
3645
-4632
5
-8
3640
-4624
5
-8
3635
-4616
5
-8
2954
-4608
4
-8
336
622
3
-9
2292
-5246
3
-9
2922
-5237
4
-9
2918
-5228
4
-9
2263
-5219
3
-9
2890
-4560
4
-8
2886
-4552
4
-8
2882
-4544
4
-8
2878
-4536
4
-8
2874
-4528
4
-8
2245
-5165
3
-9
2242
-5156
3
-9
2239
-5147
3
-9
2236
-5138
3
-9
2233
-5129
3
-9
2230
-5120
3
-9
2227
-5111
3
-9
2224
-5102
3
-9
2221
-5093
3
-9
2218
-5084
3
-9
566
472
-6
-7
-2482
-3084
-6
-7
-2476
-3077
-6
-7
-2470
-3070
-6
-7
-2464
-3063
-6
-7
-2458
-3056
-6
-7
-2452
-3049
-6
-7
-2446
-3042
-6
-7
-2965
-2510
-7
-6
-2958
-2504
-7
-6
-3997
-1452
-9
-4
-3988
-926
-9
-3
-3979
-923
-9
-3
548
622
-9
-1
-3961
121
-9
-1
-3952
122
-9
-1
-3943
123
-9
-1
-3934
124
-9
-1
-3925
640
-9
0
-3916
640
-9
0
-3907
640
-9
0
-3898
640
-9
0
-3889
640
-9
0
-3880
130
-9
-1
-3871
131
-9
-1
-3862
-884
-9
-3
-3853
-881
-9
-3
-3338
-1890
-8
-5
-3330
-1885
-8
-5
-2818
-2384
-7
-6
-2811
-2378
-7
-6
-2804
-2372
-7
-6
-2296
-2867
-6
-7
-2290
-2860
-6
-7
-2284
-2853
-6
-7
-2278
-2846
-6
-7
590
448
-5
-8
-1770
-3328
-5
-8
-1765
-3320
-5
-8
666
552
-4
-8
-1262
-3304
-4
-8
-1258
-3788
-4
-9
-1254
-3779
-4
-9
-760
-3770
-3
-9
-757
-3761
-3
-9
-754
-3752
-3
-9
-751
-3743
-3
-9
-748
-3734
-3
-9
-1230
-3725
-4
-9
-1226
-3716
-4
-9
-1222
-3707
-4
-9
-1218
-3698
-4
-9
-1214
-3689
-4
-9
-1210
-3200
-4
-8
-1206
-3192
-4
-8
-2158
-2706
-6
-7
-2152
-2699
-6
-7
-2622
-2216
-7
-6
-2615
-2210
-7
-6
-2628
-2204
-7
-6
-2621
-2198
-7
-6
-3086
-1720
-8
-5
-3078
-1715
-8
-5
-3070
-1710
-8
-5
-3062
-1705
-8
-5
-3054
-1700
-8
-5
-3046
-1695
-8
-5
-3038
-1690
-8
-5
-3030
-1685
-8
-5
-3022
-1680
-8
-5
-3014
-1675
-8
-5
-3006
-1670
-8
-5
-2998
-1665
-8
-5
-2990
-1660
-8
-5
-2982
-1655
-8
-5
-2974
-1650
-8
-5
-1595
-3016
-5
-8
-1590
-3008
-5
-8
-675
-3455
-3
-9
-672
-3446
-3
-9
418
556
-9
-3
-1922
-224
-9
-3
-1913
-221
-9
-3
-1904
-218
-9
-3
-1895
-215
-9
-3
-1886
-212
-9
-3
-1877
-209
-9
-3
-1868
-206
-9
-3
-1859
-203
-9
-3
-1850
360
-9
-1
-1841
361
-9
-1
-1832
362
-9
-1
-1823
363
-9
-1
-1814
364
-9
-1
-1805
365
-9
-1
-1796
92
-9
-2
-1787
94
-9
-2
534
572
-8
-4
-1498
-444
-8
-4
348
364
-7
-6
-1213
-974
-7
-6
-1206
-968
-7
-6
-1199
-962
-7
-6
460
395
-6
-7
-920
-1215
-6
-7
-914
-1208
-6
-7
-908
-1201
-6
-7
-640
-1456
-5
-8
-635
-1448
-5
-8
-630
-1440
-5
-8
-625
-1432
-5
-8
-362
-1424
-4
-8
-358
-1416
-4
-8
-354
-1408
-4
-8
-350
-1400
-4
-8
-346
-1646
-4
-9
-342
-1637
-4
-9
-86
-1628
-3
-9
-83
-1619
-3
-9
-80
-1610
-3
-9
-77
-1601
-3
-9
-74
-1592
-3
-9
-71
-1583
-3
-9
-68
-1574
-3
-9
-65
-1565
-3
-9
-306
-1312
-4
-8
-302
-1304
-4
-8
-1024
-1054
-7
-7
-1017
-1047
-7
-7
495
490
-7
-6
-1003
-794
-7
-6
-1234
-550
-8
-5
-1226
-545
-8
-5
-1218
-540
-8
-5
-1230
-535
-8
-5
-1222
-530
-8
-5
-1214
-292
-8
-4
-1206
-288
-8
-4
-1198
-284
-8
-4
-1190
-280
-8
-4
-1411
-276
-9
-4
-1402
-272
-9
-4
-1393
-41
-9
-3
-1384
-38
-9
-3
-1375
-35
-9
-3
-1366
-32
-9
-3
-1357
-29
-9
-3
-1348
-26
-9
-3
-1339
-23
-9
-3
-1330
-20
-9
-3
-1321
-17
-9
-3
-1312
-14
-9
-3
-1303
-11
-9
-3
-1314
-8
-9
-3
-1305
-5
-9
-3
-1316
-216
-9
-4
-1307
-212
-9
-4
-1086
-208
-8
-4
-1098
-415
-8
-5
-1090
-410
-8
-5
-873
-614
-7
-6
-866
-608
-7
-6
-672
-809
-6
-7
-666
-802
-6
-7
-475
-1000
-5
-8
-470
-992
-5
-8
-465
-984
-5
-8
368
154
-3
-9
-73
-1169
-3
-9
130
-1160
-2
-9
132
-1151
-2
-9
312
-1142
-1
-9
313
-1133
-1
-9
490
-1124
0
-9
490
-1115
0
-9
490
-1106
0
-9
470
-1097
0
-9
MONSTERS
390
559
380
471
487
458
311
368
399
589
532
371
339
359
416
518

