250
290
0
0
95746
60210
8
5
95746
60210
8
5
12039
-106151
1
-9
12039
-106151
1
-9
12038
-106142
1
-9
12037
-106133
1
-9
12036
-106124
1
-9
210
-106115
0
-9
210
-106106
0
-9
59375
-94264
5
-8
106698
-35096
9
-3
106689
-35093
9
-3
83030
71380
7
6
71194
83203
6
7
71188
83196
6
7
35701
106843
3
9
230
106834
0
9
230
106825
0
9
-35110
106420
-3
9
-58645
94600
-5
8
-58880
94976
-5
8
-82507
71326
-7
6
-97860
400
-9
0
-106131
400
-9
0
-82486
-70508
-7
-6
-82479
-70502
-7
-6
-82472
-70496
-7
-6
-70640
-82305
-6
-7
-70634
-82298
-6
-7
-70628
-82291
-6
-7
47400
94560
4
8
47400
94560
4
8
22966
-101357
2
-9
23638
-104381
2
-9
23636
-104372
2
-9
23634
-104363
2
-9
23632
-104344
2
-9
23630
-104335
2
-9
23628
-104326
2
-9
35269
-104317
3
-9
35266
-104308
3
-9
35263
-104299
3
-9
90860
-56095
8
-5
93452
-57715
8
-5
93444
-57710
8
-5
105073
480
9
0
105064
480
9
0
105055
480
9
0
45516
90842
4
8
45584
90978
4
8
46868
93546
4
8
-104339
35393
-9
3
-104330
35390
-9
3
-104321
35387
-9
3
-104312
-22756
-9
-2
-104303
-22754
-9
-2
-104294
-22752
-9
-2
-78746
-67278
-7
-6
-81028
-69234
-7
-6
-81021
-69228
-7
-6
11889
-103451
1
-9
11889
-103451
1
-9
11888
-103442
1
-9
11887
-103433
1
-9
23432
-103424
2
-9
23430
-103415
2
-9
23428
-103406
2
-9
23426
-103397
2
-9
23424
-103388
2
-9
23422
-103379
2
-9
46510
-103370
4
-9
45554
-101219
4
-9
46502
-103352
4
-9
66754
-76938
6
-7
69576
-80242
6
-7
69570
-80235
6
-7
81108
-68684
7
-6
81101
-68678
7
-6
81094
-68672
7
-6
92618
-57125
8
-5
92610
-57120
8
-5
92602
-57115
8
-5
75393
-63794
7
-6
81049
-68642
7
-6
81042
-68636
7
-6
69490
-80165
6
-7
69484
-80158
6
-7
69478
-80151
6
-7
34876
-103208
3
-9
46394
-91668
4
-8
46390
-91660
4
-8
280
-98006
0
-9
280
-103172
0
-9
280
-103163
0
-9
-11033
-101237
-1
-9
-11245
-103145
-1
-9
-11244
-103136
-1
-9
-11243
-103127
-1
-9
-11242
-103118
-1
-9
-11241
-103109
-1
-9
MONSTERS

